0 5.06004
3 8.59182
18 12.6663
11 13.7036
12 16.6428
5 17.0878
1 10.2752
16 13.6909
16 10.8944
22 2.82079
9 7.4304
12 4.25369
19 6.82097
0 4.74647
1 4.80168
12 16.2147
16 21.3417
0 3.99371
9 17.3517
1 3.7448
10 5.92862
16 11.9753
14 23.3663
22 5.47196
20 6.9652
12 9.38952
2 10.5235
15 9.97088
9 12.0878
16 21.421
21 11.5457
18 15.078
6 13.0837
1 -2.00824
17 18.2406
7 6.61638
15 14.1554
18 16.2305
23 6.94371
8 10.0942
5 5.67522
23 11.9753
17 14.1986
18 13.1346
15 19.7826
1 9.82071
15 11.1201
21 18.7298
6 11.3791
10 19.2266
