1 -2.00824
22 2.82079
1 3.7448
0 3.99371
12 4.25369
0 4.74647
1 4.80168
0 5.06004
22 5.47196
5 5.67522
10 5.92862
7 6.61638
19 6.82097
23 6.94371
20 6.9652
9 7.4304
3 8.59182
12 9.38952
1 9.82071
15 9.97088
8 10.0942
1 10.2752
2 10.5235
16 10.8944
15 11.1201
6 11.3791
21 11.5457
23 11.9753
16 11.9753
9 12.0878
18 12.6663
6 13.0837
18 13.1346
16 13.6909
11 13.7036
15 14.1554
17 14.1986
18 15.078
12 16.2147
18 16.2305
12 16.6428
5 17.0878
9 17.3517
17 18.2406
21 18.7298
10 19.2266
15 19.7826
16 21.3417
16 21.421
14 23.3663
